{
 "cells": [
  {
   "cell_type": "code",
   "execution_count": 1,
   "metadata": {},
   "outputs": [],
   "source": [
    "import csv\n",
    "import nltk\n",
    "import pandas as pd"
   ]
  },
  {
   "cell_type": "code",
   "execution_count": 2,
   "metadata": {},
   "outputs": [
    {
     "name": "stdout",
     "output_type": "stream",
     "text": [
      "Reading mt-system.pred with 9280 lines...\n",
      "Reading smatch-prec with 9280 lines...\n",
      "Reading trg with 9280 lines...\n",
      "Reading reference with 9280 lines...\n",
      "Reading smatch-rec with 9280 lines...\n",
      "Reading reference.pred with 9280 lines...\n",
      "Reading src with 9280 lines...\n",
      "Reading source with 9280 lines...\n",
      "Reading set with 9280 lines...\n",
      "Reading mt-system with 9280 lines...\n",
      "Reading human with 9280 lines...\n",
      "Reading smatch-f1 with 9280 lines...\n"
     ]
    }
   ],
   "source": [
    "%run from_columns.ipynb"
   ]
  },
  {
   "cell_type": "code",
   "execution_count": 3,
   "metadata": {},
   "outputs": [],
   "source": [
    "# TODO need to make framework for \n",
    "# simple smatch\n",
    "for name in ['smatch-f1', 'smatch-prec', 'smatch-rec']:\n",
    "    df[name] = [ None if i == 'None\\n' else float(i) for i in open('data/trg-en/%s' % name) ]"
   ]
  },
  {
   "cell_type": "code",
   "execution_count": 4,
   "metadata": {},
   "outputs": [],
   "source": [
    "test = df[df.set.str.contains('newstest2017')]\n",
    "test_en = test[test.trg == 'en']\n",
    "test_en[[\"human\"]] = test_en[[\"human\"]].apply(pd.to_numeric)"
   ]
  },
  {
   "cell_type": "code",
   "execution_count": 5,
   "metadata": {},
   "outputs": [],
   "source": [
    "smoothing_function = nltk.translate.bleu_score.SmoothingFunction()\n",
    "def sentBLEU(x, y):\n",
    "    return nltk.translate.bleu_score.sentence_bleu([x], y, smoothing_function=smoothing_function.method1)"
   ]
  },
  {
   "cell_type": "code",
   "execution_count": 6,
   "metadata": {},
   "outputs": [],
   "source": [
    "# metrics\n",
    "metrics = [ ('sentence_bleu', sentBLEU) ]\n",
    "for name, metric in metrics:\n",
    "    scores = []\n",
    "    for ref, out in zip(test_en['reference'], test_en['mt-system']):\n",
    "        scores.append(metric(ref.split(' '), out.split(' ')))\n",
    "    test_en[name] = scores"
   ]
  },
  {
   "cell_type": "code",
   "execution_count": 7,
   "metadata": {
    "scrolled": true
   },
   "outputs": [
    {
     "data": {
      "text/plain": [
       "tr    560\n",
       "cs    560\n",
       "ru    560\n",
       "zh    560\n",
       "fi    560\n",
       "lv    560\n",
       "de    560\n",
       "Name: src, dtype: int64"
      ]
     },
     "execution_count": 7,
     "metadata": {},
     "output_type": "execute_result"
    }
   ],
   "source": [
    "# should be 560 for each language\n",
    "test_en['src'].value_counts()"
   ]
  },
  {
   "cell_type": "code",
   "execution_count": 12,
   "metadata": {},
   "outputs": [
    {
     "name": "stdout",
     "output_type": "stream",
     "text": [
      "3920\n"
     ]
    },
    {
     "data": {
      "text/plain": [
       "count    3774.000000\n",
       "mean        0.454080\n",
       "std         0.190008\n",
       "min         0.000000\n",
       "25%         0.333333\n",
       "50%         0.444444\n",
       "75%         0.567901\n",
       "max         1.000000\n",
       "Name: smatch-f1, dtype: float64"
      ]
     },
     "execution_count": 12,
     "metadata": {},
     "output_type": "execute_result"
    }
   ],
   "source": [
    "print(len(test_en))\n",
    "test_en['smatch-f1'].describe()"
   ]
  },
  {
   "cell_type": "code",
   "execution_count": 8,
   "metadata": {},
   "outputs": [
    {
     "data": {
      "text/html": [
       "<div>\n",
       "<style scoped>\n",
       "    .dataframe tbody tr th:only-of-type {\n",
       "        vertical-align: middle;\n",
       "    }\n",
       "\n",
       "    .dataframe tbody tr th {\n",
       "        vertical-align: top;\n",
       "    }\n",
       "\n",
       "    .dataframe thead th {\n",
       "        text-align: right;\n",
       "    }\n",
       "</style>\n",
       "<table border=\"1\" class=\"dataframe\">\n",
       "  <thead>\n",
       "    <tr style=\"text-align: right;\">\n",
       "      <th></th>\n",
       "      <th></th>\n",
       "      <th>human</th>\n",
       "      <th>sentence_bleu</th>\n",
       "      <th>smatch-f1</th>\n",
       "      <th>smatch-prec</th>\n",
       "      <th>smatch-rec</th>\n",
       "    </tr>\n",
       "    <tr>\n",
       "      <th>src</th>\n",
       "      <th></th>\n",
       "      <th></th>\n",
       "      <th></th>\n",
       "      <th></th>\n",
       "      <th></th>\n",
       "      <th></th>\n",
       "    </tr>\n",
       "  </thead>\n",
       "  <tbody>\n",
       "    <tr>\n",
       "      <th rowspan=\"5\" valign=\"top\">cs</th>\n",
       "      <th>human</th>\n",
       "      <td>1.000000</td>\n",
       "      <td>0.410560</td>\n",
       "      <td>0.421298</td>\n",
       "      <td>0.386117</td>\n",
       "      <td>0.414957</td>\n",
       "    </tr>\n",
       "    <tr>\n",
       "      <th>sentence_bleu</th>\n",
       "      <td>0.410560</td>\n",
       "      <td>1.000000</td>\n",
       "      <td>0.456158</td>\n",
       "      <td>0.447982</td>\n",
       "      <td>0.427373</td>\n",
       "    </tr>\n",
       "    <tr>\n",
       "      <th>smatch-f1</th>\n",
       "      <td>0.421298</td>\n",
       "      <td>0.456158</td>\n",
       "      <td>1.000000</td>\n",
       "      <td>0.942423</td>\n",
       "      <td>0.933915</td>\n",
       "    </tr>\n",
       "    <tr>\n",
       "      <th>smatch-prec</th>\n",
       "      <td>0.386117</td>\n",
       "      <td>0.447982</td>\n",
       "      <td>0.942423</td>\n",
       "      <td>1.000000</td>\n",
       "      <td>0.784012</td>\n",
       "    </tr>\n",
       "    <tr>\n",
       "      <th>smatch-rec</th>\n",
       "      <td>0.414957</td>\n",
       "      <td>0.427373</td>\n",
       "      <td>0.933915</td>\n",
       "      <td>0.784012</td>\n",
       "      <td>1.000000</td>\n",
       "    </tr>\n",
       "    <tr>\n",
       "      <th rowspan=\"5\" valign=\"top\">de</th>\n",
       "      <th>human</th>\n",
       "      <td>1.000000</td>\n",
       "      <td>0.425359</td>\n",
       "      <td>0.303862</td>\n",
       "      <td>0.311857</td>\n",
       "      <td>0.264624</td>\n",
       "    </tr>\n",
       "    <tr>\n",
       "      <th>sentence_bleu</th>\n",
       "      <td>0.425359</td>\n",
       "      <td>1.000000</td>\n",
       "      <td>0.408922</td>\n",
       "      <td>0.402143</td>\n",
       "      <td>0.373144</td>\n",
       "    </tr>\n",
       "    <tr>\n",
       "      <th>smatch-f1</th>\n",
       "      <td>0.303862</td>\n",
       "      <td>0.408922</td>\n",
       "      <td>1.000000</td>\n",
       "      <td>0.937704</td>\n",
       "      <td>0.937263</td>\n",
       "    </tr>\n",
       "    <tr>\n",
       "      <th>smatch-prec</th>\n",
       "      <td>0.311857</td>\n",
       "      <td>0.402143</td>\n",
       "      <td>0.937704</td>\n",
       "      <td>1.000000</td>\n",
       "      <td>0.772774</td>\n",
       "    </tr>\n",
       "    <tr>\n",
       "      <th>smatch-rec</th>\n",
       "      <td>0.264624</td>\n",
       "      <td>0.373144</td>\n",
       "      <td>0.937263</td>\n",
       "      <td>0.772774</td>\n",
       "      <td>1.000000</td>\n",
       "    </tr>\n",
       "    <tr>\n",
       "      <th rowspan=\"5\" valign=\"top\">fi</th>\n",
       "      <th>human</th>\n",
       "      <td>1.000000</td>\n",
       "      <td>0.560087</td>\n",
       "      <td>0.448977</td>\n",
       "      <td>0.415574</td>\n",
       "      <td>0.436256</td>\n",
       "    </tr>\n",
       "    <tr>\n",
       "      <th>sentence_bleu</th>\n",
       "      <td>0.560087</td>\n",
       "      <td>1.000000</td>\n",
       "      <td>0.593814</td>\n",
       "      <td>0.535152</td>\n",
       "      <td>0.577268</td>\n",
       "    </tr>\n",
       "    <tr>\n",
       "      <th>smatch-f1</th>\n",
       "      <td>0.448977</td>\n",
       "      <td>0.593814</td>\n",
       "      <td>1.000000</td>\n",
       "      <td>0.907196</td>\n",
       "      <td>0.953356</td>\n",
       "    </tr>\n",
       "    <tr>\n",
       "      <th>smatch-prec</th>\n",
       "      <td>0.415574</td>\n",
       "      <td>0.535152</td>\n",
       "      <td>0.907196</td>\n",
       "      <td>1.000000</td>\n",
       "      <td>0.772615</td>\n",
       "    </tr>\n",
       "    <tr>\n",
       "      <th>smatch-rec</th>\n",
       "      <td>0.436256</td>\n",
       "      <td>0.577268</td>\n",
       "      <td>0.953356</td>\n",
       "      <td>0.772615</td>\n",
       "      <td>1.000000</td>\n",
       "    </tr>\n",
       "    <tr>\n",
       "      <th rowspan=\"5\" valign=\"top\">lv</th>\n",
       "      <th>human</th>\n",
       "      <td>1.000000</td>\n",
       "      <td>0.382866</td>\n",
       "      <td>0.327430</td>\n",
       "      <td>0.244332</td>\n",
       "      <td>0.340583</td>\n",
       "    </tr>\n",
       "    <tr>\n",
       "      <th>sentence_bleu</th>\n",
       "      <td>0.382866</td>\n",
       "      <td>1.000000</td>\n",
       "      <td>0.434483</td>\n",
       "      <td>0.374560</td>\n",
       "      <td>0.436315</td>\n",
       "    </tr>\n",
       "    <tr>\n",
       "      <th>smatch-f1</th>\n",
       "      <td>0.327430</td>\n",
       "      <td>0.434483</td>\n",
       "      <td>1.000000</td>\n",
       "      <td>0.894988</td>\n",
       "      <td>0.954369</td>\n",
       "    </tr>\n",
       "    <tr>\n",
       "      <th>smatch-prec</th>\n",
       "      <td>0.244332</td>\n",
       "      <td>0.374560</td>\n",
       "      <td>0.894988</td>\n",
       "      <td>1.000000</td>\n",
       "      <td>0.758244</td>\n",
       "    </tr>\n",
       "    <tr>\n",
       "      <th>smatch-rec</th>\n",
       "      <td>0.340583</td>\n",
       "      <td>0.436315</td>\n",
       "      <td>0.954369</td>\n",
       "      <td>0.758244</td>\n",
       "      <td>1.000000</td>\n",
       "    </tr>\n",
       "    <tr>\n",
       "      <th rowspan=\"5\" valign=\"top\">ru</th>\n",
       "      <th>human</th>\n",
       "      <td>1.000000</td>\n",
       "      <td>0.472228</td>\n",
       "      <td>0.389550</td>\n",
       "      <td>0.347389</td>\n",
       "      <td>0.389964</td>\n",
       "    </tr>\n",
       "    <tr>\n",
       "      <th>sentence_bleu</th>\n",
       "      <td>0.472228</td>\n",
       "      <td>1.000000</td>\n",
       "      <td>0.482280</td>\n",
       "      <td>0.460677</td>\n",
       "      <td>0.456986</td>\n",
       "    </tr>\n",
       "    <tr>\n",
       "      <th>smatch-f1</th>\n",
       "      <td>0.389550</td>\n",
       "      <td>0.482280</td>\n",
       "      <td>1.000000</td>\n",
       "      <td>0.910139</td>\n",
       "      <td>0.920645</td>\n",
       "    </tr>\n",
       "    <tr>\n",
       "      <th>smatch-prec</th>\n",
       "      <td>0.347389</td>\n",
       "      <td>0.460677</td>\n",
       "      <td>0.910139</td>\n",
       "      <td>1.000000</td>\n",
       "      <td>0.742223</td>\n",
       "    </tr>\n",
       "    <tr>\n",
       "      <th>smatch-rec</th>\n",
       "      <td>0.389964</td>\n",
       "      <td>0.456986</td>\n",
       "      <td>0.920645</td>\n",
       "      <td>0.742223</td>\n",
       "      <td>1.000000</td>\n",
       "    </tr>\n",
       "    <tr>\n",
       "      <th rowspan=\"5\" valign=\"top\">tr</th>\n",
       "      <th>human</th>\n",
       "      <td>1.000000</td>\n",
       "      <td>0.521461</td>\n",
       "      <td>0.446487</td>\n",
       "      <td>0.411381</td>\n",
       "      <td>0.423395</td>\n",
       "    </tr>\n",
       "    <tr>\n",
       "      <th>sentence_bleu</th>\n",
       "      <td>0.521461</td>\n",
       "      <td>1.000000</td>\n",
       "      <td>0.510752</td>\n",
       "      <td>0.459789</td>\n",
       "      <td>0.492456</td>\n",
       "    </tr>\n",
       "    <tr>\n",
       "      <th>smatch-f1</th>\n",
       "      <td>0.446487</td>\n",
       "      <td>0.510752</td>\n",
       "      <td>1.000000</td>\n",
       "      <td>0.933904</td>\n",
       "      <td>0.944993</td>\n",
       "    </tr>\n",
       "    <tr>\n",
       "      <th>smatch-prec</th>\n",
       "      <td>0.411381</td>\n",
       "      <td>0.459789</td>\n",
       "      <td>0.933904</td>\n",
       "      <td>1.000000</td>\n",
       "      <td>0.781250</td>\n",
       "    </tr>\n",
       "    <tr>\n",
       "      <th>smatch-rec</th>\n",
       "      <td>0.423395</td>\n",
       "      <td>0.492456</td>\n",
       "      <td>0.944993</td>\n",
       "      <td>0.781250</td>\n",
       "      <td>1.000000</td>\n",
       "    </tr>\n",
       "    <tr>\n",
       "      <th rowspan=\"5\" valign=\"top\">zh</th>\n",
       "      <th>human</th>\n",
       "      <td>1.000000</td>\n",
       "      <td>0.499658</td>\n",
       "      <td>0.458522</td>\n",
       "      <td>0.395374</td>\n",
       "      <td>0.449466</td>\n",
       "    </tr>\n",
       "    <tr>\n",
       "      <th>sentence_bleu</th>\n",
       "      <td>0.499658</td>\n",
       "      <td>1.000000</td>\n",
       "      <td>0.479408</td>\n",
       "      <td>0.444064</td>\n",
       "      <td>0.447188</td>\n",
       "    </tr>\n",
       "    <tr>\n",
       "      <th>smatch-f1</th>\n",
       "      <td>0.458522</td>\n",
       "      <td>0.479408</td>\n",
       "      <td>1.000000</td>\n",
       "      <td>0.925536</td>\n",
       "      <td>0.927352</td>\n",
       "    </tr>\n",
       "    <tr>\n",
       "      <th>smatch-prec</th>\n",
       "      <td>0.395374</td>\n",
       "      <td>0.444064</td>\n",
       "      <td>0.925536</td>\n",
       "      <td>1.000000</td>\n",
       "      <td>0.738372</td>\n",
       "    </tr>\n",
       "    <tr>\n",
       "      <th>smatch-rec</th>\n",
       "      <td>0.449466</td>\n",
       "      <td>0.447188</td>\n",
       "      <td>0.927352</td>\n",
       "      <td>0.738372</td>\n",
       "      <td>1.000000</td>\n",
       "    </tr>\n",
       "  </tbody>\n",
       "</table>\n",
       "</div>"
      ],
      "text/plain": [
       "                      human  sentence_bleu  smatch-f1  smatch-prec  smatch-rec\n",
       "src                                                                           \n",
       "cs  human          1.000000       0.410560   0.421298     0.386117    0.414957\n",
       "    sentence_bleu  0.410560       1.000000   0.456158     0.447982    0.427373\n",
       "    smatch-f1      0.421298       0.456158   1.000000     0.942423    0.933915\n",
       "    smatch-prec    0.386117       0.447982   0.942423     1.000000    0.784012\n",
       "    smatch-rec     0.414957       0.427373   0.933915     0.784012    1.000000\n",
       "de  human          1.000000       0.425359   0.303862     0.311857    0.264624\n",
       "    sentence_bleu  0.425359       1.000000   0.408922     0.402143    0.373144\n",
       "    smatch-f1      0.303862       0.408922   1.000000     0.937704    0.937263\n",
       "    smatch-prec    0.311857       0.402143   0.937704     1.000000    0.772774\n",
       "    smatch-rec     0.264624       0.373144   0.937263     0.772774    1.000000\n",
       "fi  human          1.000000       0.560087   0.448977     0.415574    0.436256\n",
       "    sentence_bleu  0.560087       1.000000   0.593814     0.535152    0.577268\n",
       "    smatch-f1      0.448977       0.593814   1.000000     0.907196    0.953356\n",
       "    smatch-prec    0.415574       0.535152   0.907196     1.000000    0.772615\n",
       "    smatch-rec     0.436256       0.577268   0.953356     0.772615    1.000000\n",
       "lv  human          1.000000       0.382866   0.327430     0.244332    0.340583\n",
       "    sentence_bleu  0.382866       1.000000   0.434483     0.374560    0.436315\n",
       "    smatch-f1      0.327430       0.434483   1.000000     0.894988    0.954369\n",
       "    smatch-prec    0.244332       0.374560   0.894988     1.000000    0.758244\n",
       "    smatch-rec     0.340583       0.436315   0.954369     0.758244    1.000000\n",
       "ru  human          1.000000       0.472228   0.389550     0.347389    0.389964\n",
       "    sentence_bleu  0.472228       1.000000   0.482280     0.460677    0.456986\n",
       "    smatch-f1      0.389550       0.482280   1.000000     0.910139    0.920645\n",
       "    smatch-prec    0.347389       0.460677   0.910139     1.000000    0.742223\n",
       "    smatch-rec     0.389964       0.456986   0.920645     0.742223    1.000000\n",
       "tr  human          1.000000       0.521461   0.446487     0.411381    0.423395\n",
       "    sentence_bleu  0.521461       1.000000   0.510752     0.459789    0.492456\n",
       "    smatch-f1      0.446487       0.510752   1.000000     0.933904    0.944993\n",
       "    smatch-prec    0.411381       0.459789   0.933904     1.000000    0.781250\n",
       "    smatch-rec     0.423395       0.492456   0.944993     0.781250    1.000000\n",
       "zh  human          1.000000       0.499658   0.458522     0.395374    0.449466\n",
       "    sentence_bleu  0.499658       1.000000   0.479408     0.444064    0.447188\n",
       "    smatch-f1      0.458522       0.479408   1.000000     0.925536    0.927352\n",
       "    smatch-prec    0.395374       0.444064   0.925536     1.000000    0.738372\n",
       "    smatch-rec     0.449466       0.447188   0.927352     0.738372    1.000000"
      ]
     },
     "execution_count": 8,
     "metadata": {},
     "output_type": "execute_result"
    }
   ],
   "source": [
    "test_en.groupby('src').corr()"
   ]
  }
 ],
 "metadata": {
  "kernelspec": {
   "display_name": "Python 3",
   "language": "python",
   "name": "python3"
  },
  "language_info": {
   "codemirror_mode": {
    "name": "ipython",
    "version": 3
   },
   "file_extension": ".py",
   "mimetype": "text/x-python",
   "name": "python",
   "nbconvert_exporter": "python",
   "pygments_lexer": "ipython3",
   "version": "3.7.0"
  }
 },
 "nbformat": 4,
 "nbformat_minor": 2
}
